SPLOGRET1000
-17,84514256
-0,301419871
-5,349645784
14,54020363
-0,809549963
7,134252148
-6,72108977
8,266677994
5,839848151
-0,2882534
11,93398994
-2,462794617
3,016843365
8,00436168
0,3811872
7,419437762
4,17291756
-11,38997887
-9,396619771
-7,465054189
-0,301419871
9,428611626
14,69240494
2,233080604
0,423360661
2,909263158
-14,31086088
2,098432413
11,68819952
-5,545909634
4,981065017
16,25300375
10,90897382
-4,424119038
-0,301419871
9,31232257
-4,967497419
-12,29940938
-1,585253099
10,25666338
1,942198472
-8,238263819
-13,55790012
-5,661199142
5,360174064
-5,798640982
13,55996445
-4,58745311
7,693484051
10,42386859
-3,144516205
-9,066021657
-18,74819158
4,260326302
2,895803537
-7,933744651
-5,239764203
-4,279951279
1,549546032
8,320910514
-2,605276684
1,50919997
-21,55025371
-0,301419871
-22,19648133
3,021455625
-12,92619427
-0,021500113
9,750248747
5,264274121
4,920250754
-7,532639811
-3,277181478
-27,96379639
7,907188508
14,36733392
11,30417721
-2,609163634
5,679842767
-8,122198446
18,2531001
-1,554447646
-3,486259631
-7,863852189
9,566503904
26,61771088
8,837474993
-3,814208897
17,62025123
20,71918725
-3,292978193
-15,07611694
5,371383077
5,193901064
15,19418625
-5,724017684
3,185346544
6,65960757
-14,81445554
3,931848829
9,716993047
-3,04976932
-4,707370843
13,21286148
-0,301419871
2,857581778
-3,247936865
-4,002740843
4,662073266
-2,567388833
-1,341707462
-6,673097643
3,642655475
16,83742357
5,393223973
2,429778809
4,655819766
15,5683978
10,71881267
0,403605422
0,280131546
-6,312158581
9,692787712
0,488922411
-22,89819977
19,66589064
-8,535238296
-6,292400575
3,786717818
-2,738739125
6,33085248
14,18302887
13,85626189
-0,301419871
-5,462383041
6,853366379
-12,5778281
6,550780089
2,867185208
1,551381113
7,702353592
11,32917812
-5,632767473
-17,96381165
-2,883139241
22,48344383
2,457143577
3,683965241
-1,90858113
-2,797101719
5,915532778
10,25510756
1,79657836
-7,822110825
3,029386818
1,874470659
8,011527635
-9,854149838
-19,0314406
3,398050813
-11,53827698
-5,180929701
2,67672278
-26,55211925
12,58134805
14,40648736
14,00169312
-15,64177648
-1,924269951
-3,978791931
-8,091201676
0,443083974
-11,33946038
-4,959968398
-0,301419871
30,47192329
0,000395334
2,937353519
-2,258493918
2,010098428
2,294006346
-16,05215706
-7,333475142
12,0265337
-4,792445383
27,43688828
-3,097084179
4,237574004
3,091986273
4,861398401
-3,971418118
-8,158411054
-7,281935787
7,462289186
8,252483626
-6,678307976
8,244427828
4,970348773
4,445432703
7,604820351
10,36433895
-9,785588746
-3,613396402
-4,058649724
0,856155139
1,94788204
-5,012172384
-11,22320781
-11,95792574
11,75281685
16,99252892
-4,207091143
-18,85154067
-9,866420688
-71,428866
49,58551085
-3,2237309
-17,28631393
11,73194317
25,99473119
1,581809839
1,822264244
-5,331231782
-11,57977521
-7,203818748
2,571350966
-19,78021297
11,44005441
12,37076774
18,74372647
-8,76026156
6,454429536
14,81782882
3,975225896
-17,49772164
4,072786704
0,56062196
-0,301419871
3,641869072
19,78028368
-3,486692233
4,923257774
-4,065777837
10,62418794
-1,745860045
-7,03228817
-6,459017825
-15,7324618
-1,925877214
10,13284043
4,513674628
-2,887298286
-10,96352292
-9,260093515
6,980983083
-15,69666168
-7,171728918
-0,301419871
3,721783142
17,57386889
17,87815875
-0,723823767
-0,301419871
4,437803688
1,77838171
-11,09564913
-2,974193375
-8,582501542
-30,41400756
12,04005125
13,35056102
5,792648391
-7,856454837
10,97343496
-0,301419871
17,31659359
-8,293624143
-8,337246653
-5,976656254
-0,969987802
12,23268816
8,370698923
7,880189231
-5,602154137
20,8848082
4,411457575
0,592812391
-3,643974862
8,547844227
-2,00169707
7,847412018
0,679443564
3,739384982
-4,263797195
-0,301419871
2,312576772
8,769908224
-3,990099819
5,448926885
3,491380295
-7,629726462
11,60153046
5,215980587
0,337280634
-1,865529601
3,813420294
-4,769476938
-12,09575362
19,44342698
-3,508253738
10,98115814
3,655973043
1,054740813
-1,526560658
9,624728262
0,791314481
4,380093964
3,578580951
8,305696174
-3,591151321
8,875457179
-3,67162935
-1,327419516
-5,182499026
-2,028244086
7,169120043
5,490713613
10,34423574
2,097464773
-1,477848654
-10,90696185
-7,446891662
7,852961034
-0,301419871
-1,184159664
5,144707617
2,893113666
-10,31277178
12,74288649
0,526582687
2,382644452
3,127595411
-10,04319958
-10,7887033
-19,76941592
-1,618391028
8,433622411
15,21752391
7,984373811
0,652629786
-6,173878726
-9,831220602
-9,192145052
11,49930529
-1,65595642
7,932856754
2,446215716
-1,634020024
-8,063913366
-2,929494807
3,038928284
8,260137959
-4,258984243
-4,049553565
-0,301419871
-15,22578363
-1,938927384
4,603080263
-6,497690872
-0,154751982
1,749675071
-9,943260232
10,81205075
16,93094041
1,367056193
2,106677509
-5,797490979
-16,34265452
3,582930009
-20,36781461
9,474136124
17,4873574
-0,970050288
-5,484891527
2,04897075
14,32049959
11,5884186
-3,484221299
3,163807599
4,355914151
-4,39414099
12,59746209
-2,166360411
-0,301419871
9,170164774
-2,611119469
9,797587135
-7,028500561
4,666539755
0,436929694
10,27590143
-2,65647263
7,482238216
2,026968098
-2,536905965
-16,50324118
-1,15151545
-21,42355523
0,619410696
5,354016584
-15,25662745
-4,761734521
15,34153455
-19,98733846
-7,672339585
-37,21922421
8,344822844
7,252529806
-0,466627206
-6,1101714
-13,46072729
13,85449179
-8,925317181
-11,67846876
19,1921205
15,74564579
-3,156927754
-6,201896422
-9,837399056
6,059866089
4,017726317
-8,257218274
-39,42658238
-15,23118074
-70,73901024
37,60139236
-4,120583794
-8,624958723
-8,859098045
-0,301419871
49,34454196
-17,30960457
-26,4911275
28,72663311
19,96629633
7,399111555
7,18723818
-26,08335992
0,89526878
3,416820404
5,288995562
34,49681567
-22,46648622
1,643518873
3,462723981
0,013208941
-31,29086502
-30,87183479
15,99867104
-14,4039859
-4,325447803
-14,52987392
-11,94849577
25,3709592
13,13907306
-3,222360864
10,42691287
40,58064067
8,187587384
5,33383369
1,147092366
5,312860171
7,667343206
-7,569441535
1,23848496
-6,831948399
2,276589741
16,26333619
11,36217477
11,39864166
-0,985352872
6,722573915
13,17702188
5,993493789
-9,82064674
-2,019405115
-6,783660928
-3,231746358
6,857355648
8,674626316
2,731296205
4,217372301
6,777130771
9,145320733
20,6708765
-4,704260991
2,973038086
-0,301419871
4,288366263
-24,66636647
9,660567847
-3,73628238
-18,48930035
22,56280931
8,969340646
-5,636836988
1,483033871
-16,03086604
0,933847156
-22,19460079
18,47492894
-1,067087049
15,10504733
6,497564095
12,0875343
0,305293052
20,23291237
-2,1508507
-0,301419871
-0,937697505
12,92780885
-8,289367298
-2,495508092
-0,301419871
-1,221117331
13,18912797
21,59749745
-2,354865226
3,911065041
-9,131829716
-19,77163415
-4,432538034
-18,4578009
25,00690111
-0,301419871
6,703890792
3,381884275
-17,52648035
-8,406002205
6,847364015
14,4437081
-7,626696668
17,39858059
10,91279897
-5,480322568
-9,01146539
7,654234822
-19,01209363
-7,608849419
3,218278347
-22,76660114
5,773141066
24,31245033
-19,55190464
-0,301419871
9,197033419
-14,77103442
10,46530841
1,265307686
25,91695245
-1,056338674
-14,37918575
-7,017662902
-5,689316207
-2,055317083
-8,96229638
1,492156348
15,00801208
22,56138611
5,37446121
-2,556968968
5,153110772
8,087034128
-2,685431925
9,437881127
-0,974810264
-6,8754394
14,02732507
-13,49813717
-2,057765891
-27,55434229
4,795934621
16,42699905
-5,890697439
20,81029108
-7,517298468
-11,41814278
5,396071211
-0,301419871
20,65665246
-2,749308748
6,504465488
12,496083
2,944841797
7,301156838
-6,814369058
-16,26734862
-4,510681922
-3,223605563
-22,93625727
12,55873463
22,36928073
16,54536475
-1,752259145
2,046854418
1,725875854
-9,064387237
-6,300532059
-6,014632897
14,16082022
-17,14820207
11,12702002
-11,69232292
9,373484232
-3,801963422
11,05664816
5,86860202
2,305150745
-22,30307621
0,96105093
-4,918291971
7,84786614
-4,326680052
-6,700554523
-18,2317735
-17,47634659
15,42601271
-18,35950153
15,51619434
-0,301419871
-6,140964988
0,123443117
3,344969584
21,17400475
4,784476446
-13,26613566
0,69252172
-12,37117646
-7,372615461
-0,023174054
5,216558341
21,92957124
6,806399037
1,890369999
4,275383173
-10,07474638
-2,414619155
-13,34882563
-0,658686255
11,81966586
14,68320522
15,30737817
5,690601457
7,100730673
-0,301419871
-2,532166224
5,258979229
-1,333574441
6,032375475
-3,284600667
-4,268968564
3,001194773
7,854505943
6,175763006
-8,17711998
-22,24322841
1,287615397
-13,67261308
-3,266935987
-7,08962947
10,82538274
1,575248422
-18,31087046
-9,523322476
-0,805791731
-4,73123132
-13,127427
6,097893311
-10,56929891
-2,218213178
-12,99530123
15,56971719
-3,201321522
22,18376104
2,023244044
9,710140687
-8,75869852
-7,265681971
9,487395982
17,20847376
2,107052061
13,02341693
-14,71963014
-10,44068055
-18,4511459
-3,031688581
7,731902984
-9,319770385
28,1945393
-0,301419871
-5,316775567
-4,977447095
2,30649227
2,662291677
-5,887922962
-6,151266057
-14,10586324
0,085464012
12,4648713
-0,219052174
-21,45153613
1,944484591
-23,54508574
-2,686310964
4,345809728
-1,166744948
-11,13827678
10,92531579
-0,21566694
16,53441104
-2,795732216
18,01837798
-6,173462895
13,55136754
-0,915371567
-17,04506974
-21,45222103
-1,959672391
-28,76040794
5,071283476
5,407338438
21,74022159
-4,817503923
13,66253229
-6,489572736
-9,402486751
11,17000248
34,36485822
14,8391834
-6,771695107
-5,03148602
5,011876579
5,380162701
5,25319452
4,634453053
-8,856365949
5,672147773
5,499148862
10,21889131
-1,498359575
17,94066072
-6,914509014
9,742252602
-2,366796061
-1,047126814
-11,83900211
8,515954353
-0,301419871
-0,626083741
-6,52566061
-13,83166482
6,021650901
7,757766887
16,77653369
-7,281701168
-10,29973794
-4,062466589
2,707127948
6,013332419
-1,579555802
-8,852453209
6,906163995
3,554380959
1,283193516
-2,372484884
10,45785798
1,580402288
15,04538691
-0,301419871
-1,158926363
0,089694295
3,662831789
0,395320506
2,957244371
-9,896394439
-39,40064675
1,618959941
0,653826213
26,42851539
10,81954081
-13,44319352
-4,697398818
11,78789015
10,32708733
-0,301419871
-7,163755467
0,227598881
-7,435764806
-3,211097287
-28,32403517
5,745063858
-4,522994517
-4,247690134
-28,14221583
24,59631254
10,2774435
-0,414959468
10,88394492
-0,722570038
-0,434821075
11,96002415
-21,36442148
3,325909961
-21,4865372
1,722296463
8,373450701
-10,61078953
0,130866136
-31,15569376
-0,301419871
4,205195719
5,979794797
-5,658621596
-15,23406992
10,65561167
13,23365729
9,000769503
1,567495833
19,33417269
-13,07811174
-26,25931566
7,83136419
24,97815661
-5,035478112
-8,542760075
-18,14516854
23,6883905
46,23720644
3,804041362
-5,669273642
24,94979383
4,213501708
17,33455661
-0,229401827
-2,654508647
-10,94280094
0,222409399
-14,05128608
6,837401674
4,61779592
-7,793040206
-5,230825482
9,040439872
9,640073953
-8,173573448
-2,870438668
-22,82440878
-18,63263556
-60,35349577
32,24677595
27,95884528
-10,15831789
4,632202995
-0,301419871
-3,56215192
32,43290308
-11,50483679
2,391770178
-8,870922566
10,53866478
-15,37789268
-22,10302917
-4,216954231
15,9328971
-6,224147909
-8,78432346
-21,11649885
17,44268026
8,988936688
21,56273768
9,066827675
-12,8143241
-7,64980649
-21,57395523
-4,739270633
-19,66351368
17,86771866
-12,91051244
-2,838075891
-0,301419871
31,43163087
-1,609878609
19,36883168
19,15184012
-6,848354865
-6,994386502
8,929835086
-6,908945368
-3,535827992
-7,845505668
15,77883222
0,446884574
5,252511138
-9,998457317
14,29995259
-7,0875159
1,850806957
-18,6896213
-7,696931968
9,247152915
-3,577561362
2,637966902
-8,882141508
8,128068874
9,91705804
-0,301419871
-16,29067596
6,891418333
14,84413955
-2,521747604
3,256845341
7,796008192
1,652568358
9,107063874
0,036275922
-11,45247925
-8,218926029
8,840449253
-10,63836704
-11,10139443
6,626699961
-15,36889228
-2,231097524
-21,02346917
7,373871779
4,766682566
0,11571028
9,286169049
6,812337152
10,83982886
2,048249691
-7,020733841
-8,906644257
7,604244938
13,0078135
-5,093111807
-3,391548768
10,59951874
-3,213273163
4,887144859
-1,202137503
4,918125284
1,25119002
-1,535349096
4,757289031
-3,11233335
-5,114819019
9,691147392
1,732512605
-0,301419871
-9,344201573
-10,19037564
6,550575042
-5,646760108
-3,813770319
-5,194992951
1,666965274
-3,025831323
-10,52318208
-14,93924686
10,29635664
-6,182092484
-1,880518182
-0,529181219
-7,012552323
-8,549205824
-0,749947796
21,69013492
-15,34937551
-0,496355717
-7,127194183
5,193598815
1,064148515
-19,4847219
-5,253369144
-11,06504542
-16,60496349
-26,14192207
32,5349776
0,025996923
-18,39637918
-6,125885651
33,85193859
5,56428911
-1,124992719
1,380810805
-24,35588346
-0,638497702
10,7335971
13,43411052
21,43872052
-6,040537994
4,681850898
-1,443272388
3,546245499
-0,524878877
-16,20376649
-6,808123921
-25,00153174
-11,13604912
22,87998837
4,646728542
-12,96572876
-3,659038242
-18,82361088
3,215351599
-19,02310119
-0,301419871
14,27019897
5,050280542
-9,895320039
4,045114231
-20,59674999
-0,088506685
7,076842523
37,88186684
-18,68903471
-6,171544816
19,11366017
7,196551688
-6,858153084
-8,495756082
-14,41536356
-21,9978097
7,73690964
-13,34405741
-32,09755764
7,668381332
23,80827116
-0,301419871
6,733662327
10,08402053
3,678849283
-10,80443599
-0,301419871
-28,73374742
48,58262208
-10,90989714
-26,89426477
-2,22108001
3,503472537
9,239330447
9,96347184
-6,728322989
-0,301419871
5,997349144
1,821978966
13,51797061
-4,337834805
-0,033307381
12,64589968
2,568612304
-5,298086915
-2,18900587
6,480211934
6,682062983
-5,937006045
5,144882669
-17,9298814
3,278756897
-1,816252587
-8,745114097
-6,555601593
-13,72667128
11,45643844
-8,991185436
-2,487611304
7,796893478
-19,39527849
-0,301419871
-17,80248659
-18,99015977
-2,25509839
-5,872375736
17,0373183
-7,99075016
-14,71389091
0,738412238
-5,997461384
5,539628571
9,629689601
6,138161948
1,94662591
-25,37718854
-44,44219615
14,41821069
-26,48325094
5,561143282
-20,12040764
17,16299972
-24,67336574
-18,38771446
-4,373363061
19,4120753
10,91779295
24,9519715
-25,0344251
-4,94240437
10,42528461
-12,84169348
-35,29082606
-3,215818328
42,45154393
-20,48746673
7,783283612
26,4047645
-2,434849975
14,68998625
-0,301419871
-3,534354583
9,928524835
37,85182679
12,17135265
-8,888876716
-15,39488367
-12,53743124
15,51372549
4,383418213
14,59692891
-3,170541243
13,19693684
0,47999358
-15,28574243
14,03571477
-2,751897754
-2,13133352
-4,799309635
-0,588190201
-7,90687069
2,304220205
0,11485321
27,75406541
2,418634031
2,38803514
15,72324745
-2,932789586
-15,94964964
2,889635497
-12,17988257
-0,301419871
-8,12598922
-16,0885857
5,888918239
3,545197231
4,79397129
12,60512151
-10,90615585
5,140311036
-9,74317189
-8,692522353
0,861815648
-11,71318359
-17,95799463
-4,820291764
-5,204847229
3,126904725
8,369581857
10,99868655
-9,796331582
-5,825278512
-1,81249039
-4,988741815
12,11427011
-1,75411373
9,694031348
-2,138606821
-0,301419871
-12,69923281
-24,08015111
6,553970525
-14,80404771
-1,43619579
23,11359775
5,920184309
-11,2438688
9,620503231
-5,858480597
5,733113225
-3,739365109
-16,80553322
-16,7068871
15,65055546
10,09384049
2,098166128
-1,38010597
5,253805013
3,571424008
3,654787991
-5,557889614
-11,78889727
2,958620939
-17,7814393
-0,38591644
5,369330373
0,647581859
-4,136547909
-7,667982415
2,783746666
-17,10480888
7,78989102
-12,45442923
6,630584104
-3,068457814
19,16217314
-5,14039824
-15,42525987
-11,51331878
-17,45154671
3,720489458
-0,301419871
-0,86616231
-1,361172341
-22,94618992
-19,10508859
5,896008071
-0,301419871
-0,301419871
-0,301419871
-0,301419871
-50,76935955
-6,123276421
-16,54511472
-31,85394135
-19,51917345
37,94114807
8,449851427
-5,481418677
11,12219805
21,3837784
-2,600061415
11,92909988
19,42977341
-2,775848163
1,333322975
-8,680807363
-5,67140904
22,37770759
14,79237482
-5,582189356
-1,832385549
6,610544453
-19,1097715
-8,205641477
4,245549109
14,87882153
-5,010167328
0,085680476
13,32627297
3,798916985
-24,40802446
-17,61637149
-0,310855747
22,3873904
2,554014299
13,98166709
14,12021911
-3,040093237
2,15120719
1,279749362
-2,070351469
18,09177703
1,557985129
0,600723877
-3,449316494
10,53848695
-7,625799091
-5,240697971
-0,301419871
11,33653134
5,834419396
-7,167744768
-18,72144533
9,995225986
-0,959415639
-8,717976484
12,79939616
21,77148024
-3,082229808
-7,861413046
-16,29660912
-3,08616619
-0,028752167
-15,98123767
3,007434549
9,683380352
7,216355998
5,491449483
-8,713823324
4,040285639
-0,511068971
-0,301419871
3,813632884
6,427415403
3,054707775
-11,50936709
-0,301419871
5,422187113
8,836811088
5,892510394
-6,821507998
-3,896194984
-5,111757967
0,91846703
-9,814338297
-6,597385081
6,509426732
-16,67994376
9,679028744
-10,2729999
-0,301419871
-7,662739157
7,591870914
3,211345152
0,696183316
-0,495565498
-29,33152847
11,37782191
14,52211776
-7,40498375
-25,34964728
-4,3481921
-6,291693266
-3,388755015
14,44804228
13,93691936
-4,302434472
9,590799646
-2,117983308
-11,37932084
-0,301419871
-19,35553641
13,12184661
-15,93326374
7,889192487
17,51405357
-0,346489074
0,15819073
-3,152609647
22,08047319
19,00247582
-6,997155284
14,10389483
-4,80944583
5,530153388
3,085405627
-2,598065037
-10,20808243
-1,211641724
11,01294712
-0,824641038
3,757082857
-16,18365575
1,208053662
-4,549370696
-15,06115584
5,530270929
5,03351462
2,150620433
-0,301419871
-1,042506163
-8,868020677
-10,34500255
0,53349007
-3,511638406
1,976140922
-6,979732232
10,96958773
-24,275784
6,308980324
-7,945252603
22,84701482
-2,341838598
-1,723301081
0,320901943
-15,83240827
-6,522040349
-7,429657519
-1,821135262
-14,28817801
-10,45199004
10,40645001
8,518169697
-2,051749656
-10,61666572
-19,83075509
-3,326881706
36,50715762
-14,94654597
-17,23791493
18,07856739
20,62169495
-5,976944051
6,239506935
7,282001963
-13,68365345
-11,35247719
5,368293826
9,831047377
-12,4616871
-0,301419871
-8,89128815
-6,734051366
-3,1152583
2,025253475
-25,40924694
-0,291810815
8,50954697
-20,26312259
-1,876774651
2,817706971
-17,07006073
6,24772688
-10,84432428
-2,572311303
27,98610223
0,634282046
-16,9755215
-13,82394268
-17,49112063
3,311351863
-17,14405159
-2,989069591
17,13141001
-1,13961326
-21,91107586
-21,75533495
5,902334885
-0,301419871
35,77005575
-12,5599037
-25,33109718
-34,8535144
7,166793903
-6,77064341
-4,063684274
-18,8618049
5,221285344
-27,69180973
-39,39690832
-33,77760004
-27,69022965
55,43104778
-5,937247165
16,44130948
52,3651631
3,938931927
9,44292531
-30,32126605
-23,65430226
-35,19935972
29,17827618
19,5110162
31,89698171
3,2044544
-5,642299023
-22,21492586
38,96453038
11,19140612
-1,893656977
23,05704228
-14,37892375
12,3445651
13,65234356
-23,24890603
7,205987756
-14,24918073
-18,59964887
-0,377686302
-2,188140863
-0,301419871
-42,72482842
17,06361663
-16,3802972
16,35933425
9,760550066
7,00327899
-0,444353193
-25,39792951
2,963025372
1,147277959
-20,22704878
-4,960116291
-30,8272665
2,15015682
-14,2258538
-17,73693376
24,25751659
17,74451983
-33,09241235
-15,02180256
38,94146569
-24,17146513
-11,18284077
-22,98798682
-19,59754277
16,45582115
-27,96758063
34,06691952
38,01370336
6,998405002
45,94791919
-24,70982398
21,75533843
5,584318858
16,88404212
-10,98380183
6,394009049
-15,63928183
16,72002864
-8,601800882
-9,419166603
9,355368055
-5,874283821
16,71340809
7,867485508
7,419017218
8,800673799
-23,41883613
-9,103127976
-21,25163075
7,384191593
-0,777211166
24,03378593
5,828360637
-10,7645054
-4,330138246
18,92728693
20,92335425
-3,745056575
2,199346151
-21,50263214
27,30024166
-0,301419871
-3,031826115
-2,204308987
-15,15659365
-3,761103899
-12,3841053
5,944545519
-22,72743855
13,5594717
0,26229981
-4,032292428
-13,82426883
22,94562119
-8,474004084
-13,53380049
-8,040690322
12,62010823
1,516630632
-5,787926915
-0,301419871
-3,454952249
-16,45986238
4,246140665
0,187435932
-0,301419871
32,35933597
-0,785569482
21,92413583
-6,867530916
-14,48713837
18,90995079
-0,31220067
-1,714710429
5,511548616
-14,83234781
-4,251621972
-14,41764322
-0,301419871
-16,12828427
-10,78861097
9,870271158
-29,97067066
-16,59315233
12,66461212
6,454656672
-23,41578621
12,7434452
5,083145767
-14,48937589
-5,751282336
-6,770932369
-10,4463649
7,239170354
-8,432766582
-13,06951332
-1,902838262
20,90669106
-0,301419871
19,01047409
-7,422831798
-9,848343883
12,83612986
-18,85319394
6,867326983
-13,52995167
11,38759437
4,310040671
-7,867268987
-15,77734439
9,215312164
-9,684339279
7,923994315
-26,47058923
-8,695895266
4,010328205
33,57526175
1,34405814
34,51218511
3,931659939
8,397434732
1,584629074
22,415283
-36,16849329
11,78634239
-5,792380483
-1,946544978
-6,09813591
-18,20244004
11,76908633
25,47930863
-5,365874318
2,43315712
0,926704324
-2,166943498
-14,40489395
6,132875479
-4,071799306
19,00880131
5,982243065
-12,61295154
15,11481674
-0,301419871
-2,059942717
21,17019875
8,057503138
-8,594510095
-14,24454836
17,37610053
2,972477023
-1,304275914
-0,977825347
14,62536211
-4,104013014
8,124479281
-5,419429336
-10,41021512
13,87602186
12,15535599
-3,279047494
-3,511490761
7,535519415
-2,808071209
-25,53505563
-1,431547674
3,702600345
8,807731183
1,146231702
-0,301419871
19,07627565
1,525640017
-4,064181423
14,28150766
3,231182646
4,403111751
14,69528575
3,64519471
-2,708013883
-12,3503106
8,786909029
12,45148714
0,73064952
-10,26567156
21,83667882
0,608390319
-1,854530112
-15,65495049
0,693360129
-14,51274167
1,540735463
-8,602595288
10,40674001
-10,08723118
-2,064871771
7,691182034
11,26712525
-8,435037168
-0,301419871
18,51207093
3,097746532
-5,90328522
-13,87331149
9,20117826
5,412881393
-3,734077361
-6,739404021
-12,72230506
11,43512659
-15,02695622
9,165276144
0,204468683
-7,41744261
16,94909375
-2,466617188
-7,593223758
-2,112455539
2,550235414
-10,61382412
2,418949413
-18,12273863
1,375130555
6,951857344
3,254440023
2,762652224
9,602564806
-6,703451482
6,262157736
-0,139899968
8,812343404
2,305857004
-2,34870793
2,663290297
-10,53027885
0,352908535
2,733087391
-0,241224839
5,749718051
4,840695545
-0,301419871
13,47219689
3,877743155
1,353693834
-6,722958899
9,683904422
-8,545537791
-12,34626361
5,124422359
1,870517791
-4,058604242
13,89556732
-3,561303358
12,87685901
-3,461528094
-13,39457867
5,751672666
-19,58174984
-6,373035671
-6,721056741
9,41199812
-10,8980085
21,79272726
1,680469066
9,073846961
4,058629668
4,424669173
-5,57873153
4,47540573
-0,946646421
6,696751158
3,641625962
-2,896544023
2,855729492
-10,59159534
4,842545407
0,990007623
-15,39521005
3,002638597
-5,013744607
1,853878919
14,77163057
0,958783647
-1,418338437
3,293082605
7,57640618
-5,764750176
-1,669552109
5,613681789
-4,886367702
-6,110074886
-0,817258024
11,0899238
-0,443131846
-7,945759909
-6,719841317
-9,426607121
7,682865944
-8,769311459
1,274274171
15,79581565
1,417503424
4,016073604
-0,301419871
-0,537642204
10,90002036
-3,577441408
-2,074944158
4,374266223
-8,015349696
7,019806749
-8,866943623
-1,367845041
11,11515095
2,430070862
-5,996568259
6,31497161
0,953454551
11,42724076
-0,778957256
3,622310869
2,512703761
-2,109590003
-0,301419871
1,388132252
12,02319869
-0,157218565
1,751192528
-0,301419871
-3,399963153
12,01773893
0,989827877
2,063025675
4,649326431
-9,228703645
4,473853866
-5,647337559
7,958905816
1,05102468
6,547560192
-0,301419871
-1,231815795
7,440080222
-3,513208489
-2,392875857
11,73223108
-10,14746057
-14,00442369
4,675188016
-2,932489178
3,343146662
0,376608941
-8,707913433
1,53441127
12,17590316
-2,886227033
4,713139831
10,30954236
-5,193479829
-5,784653216
-0,301419871
9,40857478
-4,779924937
-4,442572782
-2,876524843
-3,032155452
-1,968028446
3,711271911
0,78222162
-0,275217281
9,277513818
-6,253560165
1,385434373
3,029141076
1,420220005
-8,686594518
-6,097422616
-15,04244291
-15,64240313
12,08116589
-14,75521432
5,305337354
11,37943974
-1,574755246
-11,53759382
-13,34362399
-1,626014122
-2,699283078
15,93146343
-1,320700599
12,61945587
3,726200968
-1,002641712
4,976712097
8,177157556
7,341329273
-2,398230617
-6,96901423
-1,362893313
-0,301419871
4,846281164
-14,15877945
-1,426503595
0,292285979
4,79700289
0,764457619
-15,98074302
4,996865679
13,6916177
0,286162857
-4,756357317
1,968069677
-14,19225247
-7,921185755
-6,235193511
8,859059327
1,540300065
1,465585783
-7,047079575
-14,12192195
-10,89708497
7,331820251
1,36773267
-1,067242347
-0,976559258
-10,94469861
6,492165706
-2,87920193
0,166927652
3,702708718
1,388873227
15,67385263
1,39517702
5,36887821
-0,836665829
-0,301419871
0,16247651
3,073186549
-7,751390312
4,932744477
15,5368551
1,240681548
-9,846205134
4,231615495
-0,301419871
-10,18760679
5,652613578
1,066889422
-1,63439441
2,318703636
-4,46860758
3,328187904
8,169227274
-3,286483649
-5,769373083
-1,253893287
2,210092542
3,774052165
-10,78711367
-3,45980285
-0,301419871
-8,483157971
1,596062955
-8,580029088
3,029036149
1,081507486
0,407262414
-3,597913934
-4,611305
-5,101979795
-0,746411228
6,731651748
-13,73150981
2,400889691
-10,04937158
-2,264309911
9,575203625
0,237331426
4,261741268
0,870162581
4,136309864
-6,583422663
-1,265792739
-16,75638958
-15,90320416
0,872735694
12,58898648
-3,317901416
-12,04525055
1,174123505
13,26133525
1,891959228
12,06506017
-3,905521833
6,20213341
-2,735298458
0,163936204
7,667184183
-0,183775473
2,120786062
-8,113251596
4,318741839
1,209790063
10,84867182
-4,495087137
-0,301419871
6,562356724
-4,797376174
1,587019596
4,639945043
1,387664603
1,925584577
-7,381095459
2,488404879
4,183390382
-5,943998432
6,005507542
-14,33730121
-4,982064983
1,276244342
-6,255458683
5,607577346
3,959528838
-0,498784161
14,76511389
2,936813491
-0,909443153
6,349077071
-10,3336244
-7,856531957
1,701670008
-2,571891813
-7,628705292
-9,647703861
4,139032555
4,936597344
-10,03427379
0,088268791
2,259493684
-10,06432873
-1,150521745
14,45926338
12,49559267
1,509628013
2,143612442
-0,027169744
-0,274883527
10,83453308
15,72585748
3,564830048
-1,399632811
-0,99700636
-1,307010869
8,746788788
8,766994235
-0,605476495
-7,405432386
5,221698307
1,059820505
-11,52551164
5,576990978
-0,556285685
3,785582893
-0,301419871
0,451410681
-3,757263935
-4,339871365
14,53909789
-1,174745702
0,404017908
-1,074068161
-11,43648922
4,563243858
5,120064288
-1,344646564
8,648310539
3,611892868
1,641214919
-2,385333399
-7,801152616
0,066953597
8,689895271
3,110563464
0,161447435
-0,301419871
-4,616037028
6,827113579
-0,375585813
-0,219013608
-1,64548947
-8,4539091
-12,04150191
-3,935809715
3,198286437
-1,733553826
3,115459116
-6,419657088
3,672112052
-8,969000507
5,685126203
-0,301419871
9,326883874
-9,836863307
-8,114886513
-6,736865931
-3,835447103
3,694880728
4,531074763
0,107330806
-3,021048472
8,123244113
6,565835085
2,871587073
-3,070946793
10,68108859
-1,390930323
0,181105242
-8,913629523
3,901181543
6,600297982
0,39525932
2,992930571
-0,119636242
-8,256370181
0,397898323
-0,301419871
-14,91343716
5,290267822
7,561439543
8,962321079
-6,73630462
5,340659545
-0,574091935
0,020820945
9,276921789
2,305397735
-5,111756625
-10,53872924
1,552685765
-7,913531353
5,307446016
-7,853710215
-8,416074888
1,498200508
-0,772035798
-5,2478577
-10,54990799
0,398167231
-1,248539121
-0,301419871
2,137085835
-7,926561533
13,37716836
-0,99574674
-6,819367238
