ID	JAHR	T2	Branche	x1	x2	x3	x4	x5	x6	x7	x8	x9	x10	x11	x12	x13	x14	x15	x16	x17	x18	x19	x20	x21	x22	x23	x24	x25
 2.000000e+00	 2.000000e+03	 1.000000e+00	 6.330100e+04	 1.812689e-02	 8.483563e-03	 1.559546e-02	 1.579255e-02	 4.909366e-02	 1.356333e-01	 2.306469e-02	 4.871601e-02	 1.491228e+00	 4.617202e-01	 3.823251e-01	 4.012287e-01	 3.829305e-01	 1.144737e+00	 7.939509e-02	 2.986406e-01	 5.301945e-01	 1.172431e+00	 2.599244e-01	 1.150766e+00	 5.609756e-01	 3.022269e-02	 2.476116e-01	 1.370638e-01	 6.034185e+00
 3.000000e+00	 1.998000e+03	 1.000000e+00	 4.533200e+04	-1.050376e-01	 9.358549e-03	 3.058912e-02	-8.833300e-02	-6.521794e-02	 1.374622e-01	 2.534607e-02	 0.000000e+00	-3.177419e-01	 7.643505e-01	 4.558157e-01	 9.441088e-03	 5.471722e-01	 1.150442e+00	 1.430626e-01	 4.707011e-03	 9.782609e-02	 1.033901e+00	 1.317976e-01	 1.898074e+01	 5.162800e-01	 2.632092e-02	 8.829152e-02	 9.491329e-02	 6.131587e+00
 4.000000e+00	 1.999000e+03	 1.000000e+00	 5.154300e+04	 1.431442e-02	-9.350000e-02	-1.039376e-01	 1.059758e-02	 4.118533e-02	 6.980997e-02	-6.605920e-02	 2.619705e-01	 7.514865e+00	 3.445340e-01	 3.429123e-01	 3.644315e-01	 4.850578e-01	-1.488633e+00	 1.621725e-03	 3.222200e-02	 1.067821e+00	 7.638587e-01	 1.168019e-02	 9.454013e-01	 1.012899e+00	 1.696815e-01	 1.101177e-01	 7.798218e-02	 6.914370e+00
 5.000000e+00	 2.001000e+03	 1.000000e+00	 2.030100e+04	-6.086519e-02	 9.769196e-03	 1.552821e-02	-4.249693e-02	-3.659457e-02	 9.526201e-02	 2.810786e-02	 3.634863e-01	 3.380298e+00	 6.364892e-01	 6.159802e-01	 1.217981e-02	 2.996730e-01	 1.335142e+00	 2.050896e-02	 3.914591e-02	 7.991057e-01	 1.732079e+00	-1.503014e-01	 1.898074e+01	 6.824726e-01	 8.972235e-02	 2.200397e-02	 9.604306e-02	 7.086921e+00
 6.000000e+00	 2.001000e+03	 1.000000e+00	 5.246300e+04	 2.163612e-03	-4.570781e-02	-5.658954e-02	 5.205494e-03	 7.572643e-03	-3.018109e-03	-2.748135e-02	 1.532919e-01	 7.514865e+00	 2.473592e-01	 2.376761e-01	 3.578974e-01	 5.469612e-02	-1.039286e+00	 9.683099e-03	 7.449732e-02	 1.731035e+00	 3.139845e+00	 1.810865e-01	 6.911455e-01	 7.509680e-01	 2.717915e-01	 1.062357e-01	 1.150114e-01	 6.609145e+00
 1.000000e+01	 2.002000e+03	 1.000000e+00	 3.002000e+04	-1.560000e-01	-8.528804e-02	-1.625645e-01	-8.833300e-02	-1.273000e-01	-6.684224e-02	-7.814035e-02	 3.634863e-01	 3.105252e+00	 3.797036e-01	 2.759889e-01	 6.685911e-02	 0.000000e+00	-5.006811e+00	 1.037148e-01	 2.986406e-01	 4.504570e-01	 3.054532e+00	 3.460500e-01	 5.679161e+00	 5.246155e-01	 6.086231e-02	 2.089413e-01	 6.436209e-02	 6.220162e+00
 1.400000e+01	 1.997000e+03	 1.000000e+00	 2.524100e+04	-5.618636e-02	 1.299123e-02	 4.377104e-02	-2.693112e-02	-3.022489e-02	 9.141414e-02	 4.568583e-02	 0.000000e+00	 1.034653e+00	 7.151515e-01	 7.139731e-01	 1.936027e-02	 1.528679e-01	 2.068627e+00	 1.178451e-03	 3.044345e-03	 4.990584e-02	 7.345223e-01	 2.454545e-01	 1.898074e+01	 6.430659e-01	 3.412363e-01	 1.476585e-01	 2.092292e-01	 6.482455e+00
 1.500000e+01	 1.997000e+03	 1.000000e+00	 6.110000e+04	 6.414885e-02	-3.085774e-02	-4.903670e-02	 5.401373e-02	 7.720078e-02	-1.034357e-02	-1.659961e-02	 4.040544e-02	 2.494851e+00	 5.438136e-01	 5.421581e-01	 2.721412e-01	 5.227715e-01	-1.239039e+00	 1.655556e-03	 5.878890e-04	 1.249798e-01	 1.291397e+00	-1.443704e-01	 1.998277e+00	 5.492034e-01	 3.057612e-03	 0.000000e+00	 5.331742e-02	 7.542803e+00
 1.600000e+01	 1.999000e+03	 1.000000e+00	 2.320000e+04	-1.560000e-01	 4.595643e-02	 7.539572e-02	-5.415713e-02	-1.273000e-01	 9.330742e-02	 5.530687e-02	 1.299560e-02	 2.684211e+00	 7.085532e-01	 7.081366e-01	 2.406276e-01	 1.852423e-01	 1.432990e+00	 4.165510e-04	 1.481890e-01	 9.994121e-02	 1.402648e+00	 2.064704e-01	 2.944605e+00	 7.164031e-01	 2.415199e-01	 6.320644e-02	 1.242286e-01	 6.566122e+00
 1.700000e+01	 2.002000e+03	 1.000000e+00	 5.147700e+04	 1.226419e-02	-5.488524e-02	-1.720264e-01	 1.371955e-02	 3.442894e-02	-1.204750e-01	-5.100201e-02	 2.492530e-01	-1.124629e+00	 5.990088e-01	 5.102423e-01	-9.295154e-02	 0.000000e+00	-5.006811e+00	 8.876652e-02	 4.047116e-02	 1.434087e-01	 3.139845e+00	 2.411894e-01	-6.444313e+00	 3.148187e-01	 7.218640e-02	 1.313117e-01	 7.131340e-02	 6.958086e+00
 1.800000e+01	 2.000000e+03	 1.000000e+00	 2.524200e+04	 1.417100e-03	 7.779129e-03	 2.162958e-02	 2.475248e-03	 6.565895e-02	 4.745128e-02	 2.183814e-02	 9.352858e-02	 1.653659e+00	 1.476609e-01	 1.416849e-01	 1.065424e-01	 5.158243e-01	 2.466454e+00	 5.976007e-03	 5.238340e-04	 1.138629e-01	 1.084861e+00	 5.241939e-01	 1.385936e+00	 6.342961e-01	 2.898079e-01	 1.371700e-01	 1.452145e-01	 7.059363e+00
 2.000000e+01	 1.997000e+03	 1.000000e+00	 2.811100e+04	-8.560758e-02	-9.173739e-03	-1.673193e-02	-5.293508e-02	-5.667857e-02	 3.892251e-02	 1.042187e-02	 0.000000e+00	 2.682243e+00	 7.567343e-01	 7.530557e-01	 2.325857e-02	 1.759657e-01	 5.318471e-01	 3.678652e-03	 4.183110e-02	 4.829857e-02	 1.170777e+00	 1.979352e-01	 1.898074e+01	 5.258987e-01	 2.242886e-01	 1.770059e-01	 1.769834e-01	 6.634342e+00
 2.300000e+01	 1.997000e+03	 1.000000e+00	 5.154300e+04	 2.065047e-02	-8.358285e-02	-2.325000e-01	 1.596737e-02	 1.529438e-02	 1.262399e-03	-5.096515e-03	 4.089363e-02	 7.514865e+00	 5.238954e-01	 5.119928e-01	 4.551849e-01	 6.170702e-03	-2.758621e-01	 1.190262e-02	 1.621014e-01	 3.445783e-01	 3.139845e+00	 2.079351e-01	 1.150951e+00	 3.532522e-01	 1.578009e-01	 1.251437e-01	 6.452450e-02	 6.452570e+00
 2.400000e+01	 2.000000e+03	 1.000000e+00	 4.521200e+04	-5.648715e-02	 1.253167e-02	 2.631204e-02	-8.833300e-02	-1.097782e-02	 4.262469e-02	 9.281345e-03	 0.000000e+00	 3.880734e+00	 1.903346e-01	 1.594811e-01	 5.962976e-02	 6.111260e-01	 1.517172e+00	 3.085351e-02	 6.933703e-02	 2.404237e-01	 8.370928e-01	 7.584262e-01	 3.191940e+00	 6.068467e-01	 3.439906e-01	 3.546880e-01	 2.268718e-01	 7.399777e+00
 2.600000e+01	 2.002000e+03	 1.000000e+00	 5.170100e+04	 1.636661e-03	-9.350000e-02	-2.325000e-01	 3.089598e-03	 2.127660e-02	 1.431483e-02	-8.621600e-02	 8.183306e-03	 7.514865e+00	 7.947399e-01	 7.946914e-01	 2.035132e-01	 1.734861e-01	-2.772009e+00	 4.852480e-05	 4.739336e-03	 1.894004e-01	 2.758294e+00	-3.050757e-01	 3.905103e+00	 1.000874e+00	 3.498786e-01	 1.091658e-01	 1.019567e-01	 7.314036e+00
 2.800000e+01	 1.997000e+03	 1.000000e+00	 7.415200e+04	 2.382562e-02	-9.350000e-02	-2.325000e-01	 1.132175e-02	 6.742143e-02	 9.012771e-02	 3.081570e-03	 4.224400e-02	 2.152783e+00	 4.946077e-01	 4.767586e-01	 2.410703e-01	 4.834404e-01	 6.824324e-02	 1.784918e-02	 2.516854e-02	 9.736465e-01	 1.044270e+00	-1.344618e-01	 2.051715e+00	 1.505088e+00	 0.000000e+00	 6.714060e-03	 3.376777e-02	 7.702810e+00
 2.900000e+01	 1.999000e+03	 1.000000e+00	 1.822200e+04	 2.870813e-03	 9.281201e-03	 2.906387e-02	 1.015062e-02	-2.488038e-02	 8.820548e-02	 2.626382e-02	 2.488038e-02	 1.484848e+00	 7.519432e-01	 7.330179e-01	 1.900980e-01	 2.526316e-01	 1.380623e+00	 1.892531e-02	 3.921570e-04	 7.775281e-02	 1.606275e+00	 3.328827e-02	 3.955556e+00	 3.895471e-01	 2.592812e-01	 3.241650e-02	 2.344466e-01	 6.480844e+00
 3.100000e+01	 1.997000e+03	 1.000000e+00	 4.521200e+04	-3.494624e-02	 9.902206e-03	 3.658063e-02	-5.471885e-03	 2.932551e-02	 4.346982e-02	 1.523416e-02	 1.424731e-01	-3.749257e-01	 5.034446e-01	 4.159228e-01	 3.929750e-02	 3.624145e-01	 5.000000e+00	 8.752183e-02	 2.818225e-02	 6.119302e-02	 1.189291e+00	 4.533767e-01	 1.281111e+01	 5.064622e-01	 2.565728e-01	 3.715670e-02	 3.319610e-02	 7.022789e+00
 3.200000e+01	 2.000000e+03	 1.000000e+00	 5.154300e+04	-5.268704e-02	-7.452186e-03	-2.565982e-02	-1.490048e-02	-3.846154e-02	 6.500489e-02	 6.253583e-03	 2.482877e-01	 7.514865e+00	 5.202835e-01	 5.056207e-01	 3.240469e-01	 1.181507e-01	 4.013378e-01	 1.466276e-02	 9.731410e-04	 7.233443e-01	 1.277929e+00	 9.848485e-02	 1.605581e+00	 2.132472e-01	 5.716817e-02	 3.766813e-02	 7.736649e-02	 6.320605e+00
 3.300000e+01	 2.001000e+03	 1.000000e+00	 5.134200e+04	 1.039903e-01	-1.450169e-02	-5.413593e-02	 1.948513e-02	 1.301088e-01	-1.356691e-02	-1.058623e-02	 1.644498e-01	 1.005537e+00	 6.767650e-01	 6.761064e-01	 2.818757e-02	 2.628779e-01	-9.700997e-01	 6.585880e-04	 5.019947e-02	 1.767225e-01	 6.359707e-01	 1.880927e-01	 1.898074e+01	 2.752420e-01	 1.931262e-01	 6.622281e-02	 7.518864e-02	 6.589025e+00
 3.400000e+01	 1.997000e+03	 1.000000e+00	 1.512000e+04	-2.353545e-02	 1.908566e-02	 1.061669e-01	-2.295616e-03	-2.272894e-03	 2.070133e-01	 2.387927e-02	 4.175526e-02	 4.656842e+00	 7.274486e-01	 6.909311e-01	 7.883918e-02	 5.133074e-01	 5.434343e+00	 3.651753e-02	 6.818030e-04	 7.353723e-01	 1.747869e+00	-2.648126e-01	 9.226994e+00	 1.835331e-01	 1.198402e-02	 1.045616e-01	 7.294135e-02	 6.325144e+00
 3.600000e+01	 2.000000e+03	 1.000000e+00	 5.121000e+04	 7.874016e-03	-8.000000e-03	-1.594533e-02	 8.223684e-03	 6.061161e-02	 3.957859e-02	 2.896552e-03	 2.472075e-03	 1.502137e+00	 9.285308e-01	 9.214123e-01	 6.492027e-02	 2.128731e-01	 1.250000e-01	 7.118451e-03	 9.182499e-02	 2.158847e-01	 1.808866e+00	-4.849089e-01	 1.430263e+01	 4.844138e-01	 4.896552e-02	 1.762610e-01	 1.298657e-01	 6.254223e+00
 3.700000e+01	 2.000000e+03	 1.000000e+00	 4.521300e+04	 8.901512e-03	 5.893640e-03	 1.098700e-02	 7.390576e-03	 3.124106e-02	 1.181102e-01	 4.536733e-02	 6.099537e-03	 3.135003e+00	 3.180736e-01	 2.888665e-01	 4.801318e-01	 2.045251e-01	 1.212454e+00	 2.920711e-02	 1.665418e-01	 1.304548e+00	 2.809543e+00	 2.572789e-01	 6.624714e-01	 7.484923e-01	 1.567297e-01	 7.228764e-02	 7.544355e-02	 6.746971e+00
 3.800000e+01	 1.997000e+03	 1.000000e+00	 4.521100e+04	-8.868451e-03	 5.359315e-03	 1.227532e-02	-4.284773e-03	 5.386763e-02	 4.311610e-02	 1.880924e-02	 0.000000e+00	-2.050913e+00	 3.307664e-01	 2.756800e-01	 4.422164e-02	 2.445393e-01	 1.454303e+00	 5.508644e-02	 4.697987e-03	 2.135654e-01	 1.776174e+00	 5.985361e-01	 7.479741e+00	 6.020680e-01	 4.436641e-01	 1.265656e-01	 1.830367e-01	 7.428522e+00
 3.900000e+01	 2.000000e+03	 1.000000e+00	 4.533200e+04	 1.340483e-03	-5.932762e-03	-6.404993e-03	 1.592357e-03	 3.753351e-02	 1.686648e-01	 3.603604e-02	 1.742627e-02	 1.076149e+00	 4.894071e-01	 4.871079e-01	 4.898998e-01	 1.058981e-01	 7.754137e-01	 2.299228e-03	 4.326923e-02	 2.550336e-01	 3.110577e+00	 3.798653e-01	 9.989943e-01	 6.689739e-01	 4.136454e-01	 5.493631e-02	 0.000000e+00	 6.493215e+00
 4.000000e+01	 2.000000e+03	 1.000000e+00	 4.533200e+04	 6.642729e-02	 7.961780e-04	 2.680965e-03	 3.496144e-02	 1.238779e-01	 7.372654e-02	 2.229299e-02	 4.847397e-02	 1.102273e+00	 2.788204e-01	 2.667560e-01	 6.069707e-01	 4.398564e-01	 1.076923e+00	 1.206434e-02	 4.347826e-03	 4.663462e-01	 1.369565e+00	 5.884719e-01	 4.219067e-01	 5.939490e-01	 4.498408e-01	 1.614396e-01	 1.722365e-01	 5.581408e+00
 4.100000e+01	 1.997000e+03	 1.000000e+00	 4.542000e+04	 3.405018e-02	 3.804627e-02	 6.104129e-02	 1.427714e-02	 7.491039e-02	 2.136445e-01	 7.095116e-02	 1.569892e-01	 1.447619e+00	 6.193896e-01	 6.166966e-01	 2.890485e-01	 4.677419e-01	 1.971429e+00	 2.692998e-03	 5.717550e-04	 2.202899e-01	 9.371069e-01	 2.289048e-01	 2.142857e+00	 5.727506e-01	 3.131105e-01	 9.838032e-03	 4.607079e-02	 5.755554e+00
 4.200000e+01	 2.001000e+03	 1.000000e+00	 4.531000e+04	 3.088384e-02	 1.139772e-02	 4.265233e-02	 2.099668e-02	 6.473311e-02	 1.064516e-01	 2.507499e-02	 1.773470e-01	 5.544944e+00	 6.268817e-01	 6.265233e-01	 1.781362e-01	 3.218574e-01	 1.503597e+00	 3.584230e-04	 1.989484e-03	 5.643225e-01	 1.623561e+00	-3.942652e-02	 3.519115e+00	 3.347331e-01	 1.610078e-01	 1.420009e-01	 1.125226e-01	 6.154273e+00
 4.300000e+01	 2.002000e+03	 1.000000e+00	 5.165200e+04	 8.330441e-03	 1.609620e-02	 4.028642e-02	 3.869048e-02	 2.742103e-02	 8.932446e-02	 3.373794e-02	 0.000000e+00	 1.015317e+00	 5.089686e-01	 5.079560e-01	 6.762621e-02	 1.763277e-01	 2.514045e+00	 1.012585e-03	 1.571092e-03	 1.365639e-01	 1.758837e+00	 3.173731e-01	 7.526203e+00	 5.211852e-01	 2.677171e-01	 1.175595e-01	 3.531632e-01	 7.140697e+00
 4.500000e+01	 2.002000e+03	 1.000000e+00	 4.521100e+04	-2.936206e-02	-9.350000e-02	-1.000776e-01	-1.161411e-02	-6.379383e-02	 9.102664e-02	-5.903128e-02	 0.000000e+00	 1.876877e+00	 5.758986e-01	 5.753814e-01	 1.355056e-01	 2.103929e-01	-1.509677e+00	 5.171970e-04	 4.492139e-03	 2.806466e-01	 1.135014e+00	 1.918800e-01	 4.250000e+00	 9.755298e-01	 4.629162e-01	 8.884368e-02	 2.441506e-01	 6.587374e+00
 4.600000e+01	 2.000000e+03	 1.000000e+00	 5.170200e+04	 3.951368e-02	-1.178366e-02	-2.893959e-02	 2.323651e-02	 1.033435e-01	 5.302070e-02	-2.560190e-02	 0.000000e+00	 1.272727e+00	 8.464301e-01	 8.426278e-01	 6.358259e-02	 7.173252e-01	-3.247312e+00	 3.802281e-03	 1.572327e-03	 2.146244e-02	 7.893082e-01	 1.142797e-01	 1.331229e+01	 4.013225e-01	 6.247881e-02	 3.153527e-02	 1.195021e-01	 6.383897e+00
 4.800000e+01	 1.999000e+03	 1.000000e+00	 1.740000e+04	-2.748414e-02	 6.101372e-02	 1.492042e-01	-5.274540e-03	 6.606765e-03	 2.015915e-01	 7.922272e-02	 1.725687e-01	 1.137931e+00	 5.474138e-01	 5.460875e-01	 1.627984e-01	 3.784355e-01	 4.383459e+00	 1.326260e-03	 6.290207e-02	 1.998789e-02	 8.348821e-01	 4.416446e-01	 3.362525e+00	 4.098383e-01	 2.187797e-01	 1.112928e-02	 2.732212e-02	 6.188100e+00
 5.100000e+01	 1.999000e+03	 1.000000e+00	 5.151300e+04	-1.187995e-02	 7.805557e-03	 3.578947e-02	-3.404497e-03	 2.938724e-02	 9.473684e-02	 1.549519e-02	 4.960400e-02	 2.185185e+00	 7.965414e-01	 7.917293e-01	 1.206015e-01	 3.313881e-01	 1.751092e+00	 4.812030e-03	 9.713024e-03	 1.969039e-01	 1.035762e+00	-1.148872e-01	 6.604738e+00	 2.569651e-01	 9.660340e-04	 1.408611e-01	 1.513583e-01	 6.531491e+00
 5.300000e+01	 1.997000e+03	 1.000000e+00	 4.511200e+04	 4.692353e-03	 3.738318e-02	 7.892882e-02	 3.182339e-03	 4.097548e-02	 2.473573e-01	 1.022845e-01	 2.734122e-01	 4.787671e+00	 9.696970e-01	 9.661734e-01	 1.973221e-02	 4.656004e-01	 2.264368e+00	 3.523608e-03	 0.000000e+00	 5.087209e-01	 7.152401e-01	-6.126129e-01	 1.898074e+01	 7.367601e-01	 9.968847e-02	 4.268922e-02	 4.827982e-02	 5.860651e+00
 5.600000e+01	 1.999000e+03	 1.000000e+00	 3.002000e+04	 7.974858e-02	 2.118644e-02	 1.797020e-01	 2.717224e-02	 1.061677e-01	 2.519712e-01	 3.280872e-02	 0.000000e+00	 1.721311e+00	 7.299814e-01	 6.973929e-01	 1.675978e-01	 4.251621e-01	 3.474359e+00	 3.258845e-02	 1.938924e-03	 1.339286e-01	 8.944498e-01	 1.294227e-01	 4.355556e+00	 1.300242e-01	 4.648910e-02	 8.719681e-02	 1.034695e-01	 5.739673e+00
 5.700000e+01	 1.999000e+03	 1.000000e+00	 7.415200e+04	 3.027436e-03	 2.493092e-02	 8.691809e-02	 9.896090e-04	 3.576159e-02	 1.483009e-01	 3.319005e-02	 6.736045e-02	 1.017602e+00	 8.104498e-01	 8.088784e-01	 1.379886e-01	 5.180700e-01	 2.573810e+00	 1.571401e-03	 1.702939e-01	 1.269995e-01	 1.162665e+00	-8.554312e-02	 5.873310e+00	 3.126190e-01	 7.574455e-02	 8.703612e-02	 5.032162e-02	 6.716502e+00
 5.800000e+01	 2.001000e+03	 1.000000e+00	 5.132000e+04	 1.626506e-01	 3.958440e-04	 7.568590e-03	 4.607219e-02	 1.616800e-01	 4.484390e-02	 4.675903e-03	 0.000000e+00	-6.601124e-02	 8.433302e-01	 6.997162e-01	 8.779565e-02	 1.558735e-01	 1.055866e+00	 1.430626e-01	 0.000000e+00	 1.503253e-02	 6.366594e-01	 1.371807e-01	 9.605603e+00	 1.307521e-01	 1.467095e-02	 1.036093e-01	 1.450106e-01	 6.431714e+00
 5.900000e+01	 2.000000e+03	 1.000000e+00	 5.123000e+04	 3.775510e-13	 4.585987e-02	 1.634036e-01	 3.123303e-03	 4.267233e-02	 2.519712e-01	 5.095541e-02	 8.882024e-02	 1.000000e+00	 6.942771e-01	 6.942771e-01	 2.868976e-01	 3.900367e-01	 6.171397e+00	 0.000000e+00	 5.382131e-03	 1.540130e-01	 1.107427e+00	-2.522590e-01	 2.419948e+00	 2.819533e-01	 1.995754e-02	 3.546880e-01	 3.488593e-01	 5.831867e+00
 6.000000e+01	 1.999000e+03	 1.000000e+00	 5.165200e+04	 4.277286e-02	 2.655270e-13	 4.441012e-03	 4.643963e-02	-1.273000e-01	 4.518247e-02	 3.001086e-02	 2.168142e-01	 7.250000e+00	 8.968913e-01	 8.920641e-01	 1.255069e-02	 3.598820e-01	 1.105000e+00	 4.827187e-03	 0.000000e+00	 6.673843e-03	 1.858621e+00	 9.635065e-02	 1.898074e+01	 7.032863e-01	 5.567626e-02	 1.749226e-01	 1.052632e-01	 6.422915e+00
 6.100000e+01	 2.002000e+03	 1.000000e+00	 5.132000e+04	 4.185882e-02	 4.489164e-02	 4.424779e-02	 6.812911e-03	 2.057467e-02	-1.047198e-01	-8.621600e-02	 1.858815e-01	 1.000000e+00	 4.277286e-01	 4.277286e-01	 3.510324e-01	 2.625044e-02	-4.791667e+00	 0.000000e+00	 4.433714e-02	 2.793103e-01	 1.226514e+00	 3.672566e-01	 1.218487e+00	 1.049536e+00	 3.018576e-01	 1.228257e-01	 3.918632e-02	 5.831230e+00
 6.300000e+01	 2.000000e+03	 1.000000e+00	 2.521000e+04	-2.004513e-02	 1.202462e-03	-1.678077e-02	-1.147190e-02	 1.739015e-02	 1.359621e-01	 1.798191e-02	 6.916235e-02	 1.378220e+00	 8.912050e-01	 8.556384e-01	 8.048988e-02	 3.464755e-01	 7.127726e-01	 3.556655e-02	 3.004005e-03	 2.201549e-01	 2.010013e+00	-3.819837e-01	 1.107226e+01	 4.350946e-01	 1.430222e-01	 1.357185e-01	 1.501069e-01	 7.451873e+00
 6.400000e+01	 1.997000e+03	 1.000000e+00	 2.812000e+04	 1.495492e-01	-1.468015e-02	-1.566441e-02	 8.341083e-02	 2.539123e-02	 1.039427e-01	 1.273576e-02	 3.634863e-01	 1.006642e+00	 3.977167e-01	 3.965220e-01	 2.210275e-01	 0.000000e+00	 5.219124e-01	 1.194743e-03	 1.290323e-02	 4.783044e-01	 3.139845e+00	 4.016992e-01	 1.799399e+00	 7.323547e-01	 3.970445e-01	 0.000000e+00	 9.583333e-02	 6.585637e+00
 6.500000e+01	 1.997000e+03	 1.000000e+00	 7.415500e+04	-3.799186e-03	 2.835000e-01	 1.500674e-01	-1.306976e-03	 2.605156e-02	 2.798217e-02	 1.020833e-01	 3.582090e-02	 1.125000e+00	 3.212768e-02	 3.171313e-02	 4.442947e-01	 2.616011e-01	 1.269430e+00	 4.145510e-04	 7.163320e-04	 1.161290e-01	 2.305158e+00	 1.485128e-01	 7.231164e-02	 1.858256e+00	 5.416667e-03	 1.372325e-01	 6.044764e-02	 6.693151e+00
 6.600000e+01	 2.002000e+03	 1.000000e+00	 2.811100e+04	 5.089059e-03	-2.287208e-03	-2.170963e-03	 3.484321e-03	 2.035623e-02	 5.834464e-02	 1.568371e-02	 8.142494e-02	 1.070175e+00	 3.788331e-01	 3.785617e-01	 1.617368e-01	 3.307888e-02	 9.230769e-01	 2.713700e-04	 2.986406e-01	 3.123209e-01	 2.720588e+00	 4.944369e-01	 2.342282e+00	 6.020258e-01	 3.818004e-01	 9.756098e-02	 8.710801e-02	 6.566437e+00
 6.700000e+01	 2.002000e+03	 1.000000e+00	 4.542000e+04	 1.650165e-02	 2.322880e-03	 7.633588e-03	 1.579846e-02	 5.060506e-02	 4.071247e-02	 9.291521e-03	 1.012101e-01	-2.727273e-01	 3.460560e-01	 9.669211e-02	 2.137405e-01	 1.276128e-01	 8.888889e-01	 1.430626e-01	 1.277139e-03	 1.544118e-01	 1.057471e+00	 5.954198e-01	 1.619048e+00	 4.564460e-01	 2.125436e-01	 2.019641e-01	 8.710504e-02	 5.594393e+00
 6.800000e+01	 1.998000e+03	 1.000000e+00	 4.521200e+04	 1.210979e-02	 6.404782e-03	 4.070407e-02	 2.047345e-02	 4.736276e-02	 7.810781e-02	 1.964133e-02	 3.713671e-02	 1.016393e+00	 8.613861e-01	 8.602860e-01	 1.100110e-02	 2.292788e-01	 5.111111e+00	 1.100110e-03	 1.519757e-03	 7.918263e-02	 1.657548e+00	 4.950495e-02	 1.898074e+01	 3.881298e-01	 1.246798e-01	 1.991896e-01	 2.179569e-01	 5.667233e+00
 7.100000e+01	 2.002000e+03	 1.000000e+00	 5.245200e+04	 4.081287e-02	-1.522649e-02	-1.387900e-01	 3.318645e-02	 5.300593e-02	-7.473310e-02	-1.218120e-02	 1.033023e-02	 2.000000e+00	 4.199288e-01	 4.163701e-01	 5.551601e-01	 1.559695e-01	-4.571429e+00	 3.558719e-03	 5.260811e-02	 5.932203e-02	 2.503344e+00	 5.373665e-01	 7.564103e-01	 1.069661e-01	 3.007233e-02	 1.400441e-01	 1.487194e-01	 5.448706e+00
 7.300000e+01	 2.000000e+03	 1.000000e+00	 4.531000e+04	 1.612191e-02	 5.998868e-02	 7.342896e-02	 6.355140e-03	 1.634276e-02	 1.051913e-01	 7.753254e-02	 6.625440e-04	-2.589928e-01	 3.381148e-01	 2.783470e-01	 4.856557e-01	 4.589223e-01	 4.491803e+00	 5.976776e-02	 1.428980e-03	 8.686869e-02	 1.065733e+00	 6.120219e-01	 6.962025e-01	 8.285229e-01	 1.199774e-01	 4.209346e-02	 4.448598e-02	 6.175240e+00
 7.400000e+01	 2.000000e+03	 1.000000e+00	 7.012100e+04	 3.935185e-02	 5.457944e-03	 1.877209e-02	 1.312910e-02	 4.398148e-02	 1.283127e-01	 5.532710e-03	 1.134259e-01	 1.236702e+00	 7.727474e-01	 7.716431e-01	 6.824205e-02	 0.000000e+00	 5.648855e-01	 1.104240e-03	 1.894150e-01	 1.423264e-01	 1.144847e+00	 5.079505e-02	 1.132362e+01	 3.385421e-01	 4.934579e-02	 2.283005e-01	 2.093363e-01	 6.364575e+00
 7.600000e+01	 1.998000e+03	 1.000000e+00	 4.520000e+04	-8.898776e-03	 1.374330e-02	 1.655773e-02	-1.340034e-03	 1.112347e-02	 1.100218e-01	 4.751922e-02	 5.116796e-02	 1.313778e+00	 3.590414e-01	 3.577342e-01	 2.226580e-01	 2.992214e-01	 1.593750e+00	 1.307190e-03	 1.895044e-02	 8.968447e-01	 1.266764e+00	 1.551198e-01	 1.612524e+00	 1.069182e+00	 5.066387e-01	 1.425461e-01	 9.815745e-02	 6.370482e+00
 1.001000e+03	 2.001000e+03	-1.000000e+00	 7.032000e+04	-6.252738e-02	 3.696372e-02	 6.663161e-02	-8.207730e-02	-1.858285e-02	 1.272999e-01	 7.813935e-02	 2.637926e-01	 2.773556e+00	 5.926359e-01	 5.913325e-01	 1.967453e-02	 6.103772e-01	 2.670505e+00	 1.303431e-03	 9.039145e-01	 1.499448e-01	 1.865036e+00	 2.968410e-01	 1.561334e+01	 7.529167e-01	 2.235429e-01	 2.526577e-02	 7.301709e-02	 8.252268e+00
 1.002000e+03	 2.002000e+03	-1.000000e+00	 2.451000e+04	-7.218772e-02	-5.250000e-02	-5.563355e-02	-4.726681e-02	-1.380912e-02	 8.455755e-02	-7.985094e-02	 0.000000e+00	-3.896200e+00	 1.264289e-01	 6.832234e-03	 4.109085e-01	 5.698576e-01	-4.443996e-01	 1.195967e-01	 1.037970e-03	 3.545608e+00	 7.456538e-01	 1.093656e-01	 3.076815e-01	 2.447868e+00	 3.435941e-01	 6.236071e-02	 1.951796e-01	 8.137676e+00
 1.008000e+03	 1.999000e+03	-1.000000e+00	 3.630000e+04	 1.162212e-01	 8.750000e-02	 1.312587e-03	 1.114104e-01	 9.886659e-02	 3.893151e-02	 5.073469e-02	 2.235415e-01	 5.088011e+00	 4.711131e-01	 3.732181e-01	 4.688997e-02	 6.097960e-02	 3.736939e+00	 9.789500e-02	 1.434737e-01	 3.073799e-01	 1.972260e+00	 3.512873e-01	 1.004720e+01	 2.194911e+00	 2.796151e-01	 1.141417e-01	 2.941962e-02	 8.252353e+00
 1.009000e+03	 2.000000e+03	-1.000000e+00	 4.020000e+04	 7.235047e-02	 8.750000e-02	 1.077857e-01	 1.121008e-01	 6.005162e-02	 1.269531e-01	 1.021914e-01	 6.576698e-01	 2.266876e+00	 4.271603e-01	 3.658740e-01	 3.574111e-02	 0.000000e+00	 1.403380e+01	 6.128629e-02	 9.039145e-01	 2.952624e-01	 5.318852e+00	 4.153110e-01	 1.195151e+01	 1.033629e+00	 1.050263e-01	 2.906598e-01	 2.036071e-02	 8.278764e+00
 1.013000e+03	 2.001000e+03	-1.000000e+00	 5.165200e+04	 1.698118e-03	 8.354501e-02	 1.711085e-02	 3.165325e-02	 3.686065e-02	-1.143716e-02	-8.804610e-02	 8.443510e-01	-3.645472e-03	 2.977211e-01	 2.024276e-01	 3.570919e-02	 0.000000e+00	-3.166870e-01	 9.529349e-02	 9.039145e-01	 1.180088e-03	 5.318852e+00	 2.926662e-01	 8.337382e+00	 2.447868e+00	 0.000000e+00	 5.305517e-03	 3.394631e-02	 7.930917e+00
 1.015000e+03	 2.001000e+03	-1.000000e+00	 7.020100e+04	-4.512670e-17	-2.736600e-15	-2.872712e-02	 1.510000e-01	 1.820288e-01	-8.878714e-03	-8.804610e-02	 8.140370e-01	-2.389702e+00	 1.766736e-02	-4.799999e-03	 5.158631e-02	 4.969722e-02	-7.426352e+00	 2.246736e-02	 9.039145e-01	 1.006762e+00	 5.318852e+00	 3.908702e-02	 3.424816e-01	 2.447868e+00	 0.000000e+00	 1.064404e-01	 2.784213e-02	 7.210953e+00
 1.018000e+03	 2.000000e+03	-1.000000e+00	 9.130000e+04	 6.438771e-02	 6.340058e-02	 6.908971e-02	 6.510229e-02	 8.259040e-02	 1.254151e-01	 7.825850e-02	 4.603569e-01	 2.467825e+00	 2.926344e-01	 2.822148e-01	 4.010754e-02	 3.354396e-01	 4.051588e+00	 1.041956e-02	 2.563108e-02	 1.441920e+00	 2.464992e+00	 2.634278e-01	 7.296244e+00	 9.253728e-01	 2.810136e-01	 2.543596e-01	 3.248096e-02	 7.259823e+00
 1.019000e+03	 2.001000e+03	-1.000000e+00	 7.032000e+04	 4.745654e-02	 6.458408e-02	 6.490434e-02	 5.957958e-02	 6.025717e-02	 1.283792e-01	 8.284229e-02	 4.085590e-01	 2.580540e+00	 2.480573e-01	 2.416993e-01	 7.716505e-02	 3.296292e-01	 3.398619e+00	 6.357977e-03	 1.368638e-02	 1.504445e+00	 2.010209e+00	 3.634020e-01	 3.214633e+00	 1.003050e+00	 3.517461e-01	 2.581452e-01	 1.058265e-01	 7.319675e+00
 1.023000e+03	 2.002000e+03	-1.000000e+00	 7.415200e+04	-8.400000e-02	 3.014522e-02	 7.170682e-02	-8.207730e-02	-1.990679e-02	 2.161979e-01	 5.573736e-02	 6.017917e-01	 6.360230e+00	 1.743902e-01	-9.394435e-03	 3.261621e-02	 1.063814e-01	 5.820146e+00	 1.837847e-01	 2.213266e-01	 2.029534e+00	 2.538307e+00	 4.341616e-01	 5.346734e+00	 6.754147e-01	 6.501648e-02	 0.000000e+00	 8.655207e-02	 8.079076e+00
 1.027000e+03	 2.001000e+03	-1.000000e+00	 7.484800e+04	-2.938141e-02	-2.413134e-02	 1.539038e-03	-8.207730e-02	-2.701122e-02	 4.939282e-02	 1.718617e-01	 7.707102e-01	 6.360230e+00	 1.293688e-01	 1.247164e-01	 4.125579e-01	 6.859369e-02	 1.034630e+00	 4.652399e-03	 4.538279e-01	 3.545608e+00	 4.620107e+00	 3.775164e-02	 3.135774e-01	 2.447868e+00	 4.168915e-01	 8.810429e-03	 1.117876e-02	 9.114965e+00
 1.028000e+03	 2.002000e+03	-1.000000e+00	 5.511100e+04	 8.415087e-02	-5.250000e-02	-2.311303e-02	 1.510000e-01	 1.458892e-01	-1.765419e-02	-8.804610e-02	 5.641562e-01	-3.896200e+00	 4.474624e-02	 2.443915e-02	 4.400389e-02	 0.000000e+00	-3.730762e+00	 2.030709e-02	 9.039145e-01	 2.990690e+00	 5.318852e+00	 1.619862e-01	 1.016870e+00	 2.447868e+00	 3.130208e-02	 3.925469e-02	 6.318357e-02	 7.904308e+00
 1.032000e+03	 2.000000e+03	-1.000000e+00	 5.551000e+04	 6.142820e-16	-1.076510e-16	-1.370000e-01	-8.207730e-02	-1.262000e-01	-1.433766e-01	-8.804610e-02	 8.088842e-01	-1.316315e-01	 5.321282e-02	-6.730550e-01	 1.574410e-04	 3.018530e-03	-8.220890e+00	 2.598323e-01	 9.039145e-01	 1.892164e+00	 5.318852e+00	 8.458741e-01	 1.561334e+01	 2.382459e+00	 7.617558e-03	 6.085510e-03	 3.795787e-02	 7.314108e+00
 1.034000e+03	 2.001000e+03	-1.000000e+00	 7.011200e+04	 1.093436e-01	 8.750000e-02	 1.844658e-01	 1.510000e-01	 1.045178e-01	 9.754986e-02	 7.661437e-02	 3.099381e-01	 6.360230e+00	 2.621522e-01	 2.565934e-01	 1.074852e-01	 9.186741e-02	 1.003167e+01	 5.558876e-03	 4.261000e-01	 8.013049e-01	 2.020192e+00	 4.138688e-01	 2.438961e+00	 9.342369e-01	 1.671778e-01	 1.424702e-01	 1.836614e-03	 7.597480e+00
 1.036000e+03	 2.000000e+03	-1.000000e+00	 7.012200e+04	-2.203249e-02	 8.750000e-02	 2.310000e-01	-8.207730e-02	-1.483950e-02	 3.531090e-01	 1.718617e-01	 4.089194e-01	-3.896200e+00	 1.113537e-01	-1.347769e-02	 1.789277e-01	 1.801116e-01	 1.591613e+01	 1.248314e-01	 6.056856e-02	 3.545608e+00	 1.002169e+00	 8.041192e-02	 6.223392e-01	 7.070956e-01	 1.929035e-03	 4.084381e-02	 1.255616e-01	 7.352780e+00
 1.037000e+03	 2.002000e+03	-1.000000e+00	 7.032000e+04	 9.326071e-03	-5.250000e-02	-2.175715e-02	 4.356180e-02	 2.610834e-02	 2.824782e-02	-8.804610e-02	 4.584672e-01	 2.014000e+00	 4.314120e-02	 4.052820e-02	 9.726037e-02	 3.453866e-01	-1.847092e+00	 2.613000e-03	 9.039145e-01	 3.545608e+00	 1.605813e+00	 9.355380e-05	 4.435640e-01	 2.447868e+00	 2.633682e-02	 1.102988e-01	 1.179379e-01	 9.514950e+00
 1.038000e+03	 2.002000e+03	-1.000000e+00	 6.010000e+04	-2.490115e-02	 5.633275e-02	 7.211800e-03	-8.207730e-02	 1.458407e-02	 6.111602e-02	 1.577036e-01	 1.604946e-01	-3.896200e+00	 8.888863e-02	-3.022050e-03	 2.142397e-01	 7.241634e-01	 1.136632e+00	 9.191068e-02	 2.482528e-01	 3.545608e+00	 1.141349e+00	 5.384991e-02	 4.149027e-01	 2.447868e+00	 9.401289e-02	 9.505145e-02	 1.339364e-01	 8.411236e+00
 1.039000e+03	 2.002000e+03	-1.000000e+00	 4.544100e+04	 4.056739e-02	-5.250000e-02	-2.172749e-02	 6.656929e-02	 1.048925e-01	 4.016340e-02	 1.166056e-01	 3.669457e-01	-3.896200e+00	 7.396135e-02	 5.560024e-02	 5.202512e-01	 4.704091e-01	 3.935155e-01	 1.836111e-02	 8.486116e-02	 3.545608e+00	 2.710885e+00	 1.045434e-02	 1.210998e-01	 2.447868e+00	 3.516734e-01	 1.066037e-01	 4.480074e-02	 9.233280e+00
 1.040000e+03	 2.001000e+03	-1.000000e+00	 7.012000e+04	 1.043689e-01	 3.728366e-02	 7.243234e-02	 9.298838e-02	 1.559466e-01	 1.325398e-01	 9.640193e-02	 5.266990e-01	 2.069257e+00	 2.798910e-01	 2.561391e-01	 4.733738e-02	 0.000000e+00	 3.222214e+00	 2.375188e-02	 9.039145e-01	 8.421858e-01	 2.130496e+00	 4.788612e-01	 5.912685e+00	 9.190548e-01	 4.168915e-01	 1.091114e-01	 6.599175e-02	 6.725579e+00
 1.046000e+03	 2.000000e+03	-1.000000e+00	 3.150000e+04	 9.187771e-02	 4.475339e-02	 4.261342e-02	 1.510000e-01	 1.156377e-01	 1.585634e-01	 1.131350e-01	 7.977266e-01	 2.682325e+00	 9.236450e-01	 9.166141e-01	 2.921253e-01	 0.000000e+00	 1.911684e+00	 7.030862e-03	 9.039145e-01	 7.634748e-01	 5.318852e+00	-5.699590e-01	 3.161811e+00	 1.453032e+00	 1.776028e-03	 2.906598e-01	 6.515591e-02	 7.836159e+00
 1.050000e+03	 2.002000e+03	-1.000000e+00	 2.464000e+04	 3.365508e-02	 3.278003e-02	 6.745034e-02	 3.368824e-02	 4.382423e-02	 1.791818e-01	 3.413674e-02	 2.621342e-01	 3.738247e+00	 2.975900e-01	 1.723844e-01	 1.376843e-02	 0.000000e+00	 5.074941e+00	 1.252056e-01	 6.307027e-01	 1.573064e+00	 1.668800e+00	 1.673000e-01	 1.561334e+01	 4.934231e-01	 1.232195e-02	 2.798672e-01	 2.265308e-01	 7.257315e+00
 1.051000e+03	 2.002000e+03	-1.000000e+00	 7.032000e+04	 1.400000e-01	 2.250975e-02	 5.036842e-02	 9.203080e-02	 2.419000e-01	 4.590433e-02	 2.931125e-02	 1.292562e-01	-8.647606e-03	 5.926005e-01	 2.188458e-01	 4.949903e-03	 0.000000e+00	 4.890178e+00	 2.598323e-01	 3.010137e-01	 5.407308e-03	 9.034817e-01	 3.963315e-01	 1.561334e+01	 6.688366e-01	 6.275856e-02	 1.085444e-02	 2.931626e-02	 7.162736e+00
 1.062000e+03	 2.001000e+03	-1.000000e+00	 7.220200e+04	-4.157223e-02	-4.781221e-02	-1.031006e-01	-1.936521e-02	 2.130552e-01	-1.191624e-01	-5.520978e-02	 0.000000e+00	 1.822893e-01	 8.364518e-01	 7.883602e-01	 6.863866e-03	 1.310219e-01	-7.209128e+00	 4.809157e-02	 1.604794e-02	 8.765041e-02	 3.292246e-01	-2.304059e-01	 1.561334e+01	 4.633155e-01	 2.893920e-04	 2.996198e-03	 5.696387e-02	 6.758157e+00
 1.067000e+03	 1.999000e+03	-1.000000e+00	 5.010300e+04	 1.569250e-02	 2.251656e-02	 1.834256e-02	 5.991324e-02	 6.473239e-02	 9.836404e-02	 1.477331e-01	 4.631202e-01	 6.360230e+00	 9.633975e-02	 8.493762e-02	 2.506403e-01	 3.039038e-01	 1.427165e+00	 1.140213e-02	 3.035250e-02	 3.545608e+00	 2.876199e-01	-5.754771e-02	 3.843745e-01	 2.447868e+00	 2.037697e-02	 4.352566e-02	 6.661797e-02	 7.092592e+00
 1.068000e+03	 2.000000e+03	-1.000000e+00	 5.010300e+04	 3.718368e-02	 3.655640e-02	 2.571885e-02	 1.105074e-01	 8.632317e-02	 1.048144e-01	 1.507971e-01	 5.396550e-01	 6.360230e+00	 1.093782e-01	 1.060583e-01	 2.414749e-01	 2.327465e-01	 1.654370e+00	 3.319902e-03	 4.476078e-02	 3.545608e+00	 3.671148e-01	-7.791887e-02	 4.529590e-01	 2.329546e+00	 1.683414e-02	 4.594935e-02	 4.446353e-02	 7.072394e+00
 1.069000e+03	 2.002000e+03	-1.000000e+00	 7.032000e+04	 2.175970e-16	 7.922351e-02	 5.186683e-02	-8.207730e-02	-4.641509e-02	 1.245610e-01	 1.718617e-01	 6.496328e-02	 6.360230e+00	 9.637039e-02	 9.205678e-02	 2.014582e-01	 0.000000e+00	 2.502756e+00	 4.313614e-03	 8.274041e-02	 3.545608e+00	 4.866046e+00	-6.099139e-02	 4.783641e-01	 2.130599e+00	 1.749323e-02	 9.186545e-02	 1.923494e-02	 7.042503e+00
 1.070000e+03	 2.000000e+03	-1.000000e+00	 7.132000e+04	 9.285110e-17	 6.361440e-16	-5.502037e-02	-8.207730e-02	-1.262000e-01	-4.424409e-02	-8.804610e-02	 8.186385e-02	-3.866089e-01	 2.045181e-01	 1.875962e-01	 5.202512e-01	 0.000000e+00	-4.383917e+00	 1.692191e-02	 1.278105e-01	 2.328346e-02	 5.318852e+00	 7.906762e-01	 3.515442e-01	 2.447868e+00	 4.168915e-01	 1.897825e-02	 7.280151e-02	 7.421038e+00
 1.076000e+03	 2.001000e+03	-1.000000e+00	 4.525600e+04	 2.483490e-13	-5.004734e-02	-1.259193e-01	 2.282112e-02	 1.349681e-01	-7.564350e-02	-4.660898e-02	 2.908389e-02	-1.272694e+00	 4.526071e-01	 3.232712e-01	 1.106187e-01	 0.000000e+00	-4.862395e+00	 1.293359e-01	 5.941677e-01	 1.838404e-01	 1.643427e+00	 5.745565e-02	 4.091596e+00	 3.923684e-01	 5.487060e-03	 6.727637e-02	 2.371865e-02	 6.749110e+00
 1.083000e+03	 2.002000e+03	-1.000000e+00	 4.020100e+04	 6.717482e-02	-5.250000e-02	-8.373070e-04	 1.510000e-01	 1.389175e-01	 2.551517e-02	 1.718617e-01	 2.224993e-01	-3.896200e+00	 4.030757e-02	-5.758496e-03	 5.202512e-01	 5.885961e-01	 8.907731e-01	 4.606607e-02	 1.008677e-01	 3.545608e+00	 9.506788e-01	 6.830005e-03	 4.825291e-02	 2.447868e+00	 8.681730e-04	 6.237097e-03	 1.794297e-02	 7.924327e+00
 1.087000e+03	 2.002000e+03	-1.000000e+00	 8.511100e+04	 4.830688e-02	 8.750000e-02	 3.946884e-02	 2.865471e-02	 6.452445e-02	 9.837062e-02	 1.718617e-01	 2.550446e-01	-3.896200e+00	 2.389012e-01	 2.304214e-01	 5.202512e-01	 0.000000e+00	 1.770704e+00	 8.479767e-03	 9.039145e-01	 3.545608e+00	 3.155688e+00	-1.759102e-01	 3.705475e-01	 2.447868e+00	 2.592743e-01	 2.701609e-02	 3.668558e-02	 8.252560e+00
 1.095000e+03	 2.000000e+03	-1.000000e+00	 7.415000e+04	 5.419690e-04	 3.473729e-03	 2.664473e-02	 8.055292e-02	 3.417672e-02	 7.667352e-02	 1.718617e-01	 1.043138e-01	-3.896200e+00	 6.442823e-02	 5.950850e-02	 5.202512e-01	 7.858125e-01	 1.514364e+00	 4.919730e-03	 6.728727e-02	 3.545608e+00	 4.530833e+00	 1.985217e-01	 8.266373e-02	 2.447868e+00	 2.690785e-01	 4.308469e-03	 1.105816e-02	 7.692094e+00
 1.096000e+03	 2.001000e+03	-1.000000e+00	 7.011000e+04	 4.861460e-18	 3.398729e-03	 1.284515e-02	 1.510000e-01	 5.078247e-02	 6.395956e-02	 1.718617e-01	 1.057440e-01	-3.896200e+00	 6.238966e-02	 5.819163e-02	 5.202512e-01	 7.858125e-01	 1.041404e+00	 4.198030e-03	 6.821842e-02	 3.545608e+00	 4.877552e+00	 2.202875e-01	 8.024214e-02	 2.447868e+00	 2.756796e-01	 4.981314e-03	 1.147278e-02	 7.686188e+00
 1.097000e+03	 2.002000e+03	-1.000000e+00	 3.220000e+04	 4.869147e-02	 2.930160e-17	 2.734855e-02	 3.799704e-02	 6.015064e-02	 7.755192e-02	 1.718617e-01	 1.478712e-01	-3.896200e+00	 6.157941e-02	 5.737856e-02	 5.202512e-01	 2.840201e-01	 1.537310e+00	 4.200850e-03	 6.682368e-02	 3.545608e+00	 7.937023e-01	 2.387774e-01	 7.947453e-02	 2.447868e+00	 2.630843e-01	 1.192909e-01	 2.056122e-01	 7.680274e+00
 1.102000e+03	 2.001000e+03	-1.000000e+00	 7.415000e+04	 1.400000e-01	 2.110597e-02	 3.583187e-02	 1.190250e-02	 2.582727e-02	 9.736583e-02	 3.105819e-02	 3.562136e-01	 1.680618e+00	 1.442921e-01	 1.372959e-01	 2.385089e-01	 1.687462e-02	 3.389467e+00	 6.996224e-03	 2.037438e-01	 1.893675e+00	 5.318852e+00	 5.719383e-01	 6.049760e-01	 6.267685e-01	 2.833628e-01	 7.512910e-02	 2.515197e-02	 7.666172e+00
 1.103000e+03	 2.002000e+03	-1.000000e+00	 7.420400e+04	 8.212217e-03	 8.750000e-02	 1.529341e-02	 7.548634e-03	 1.040600e-02	 6.351796e-02	 2.010075e-02	 5.285798e-02	 1.218871e+00	 1.019319e-01	 8.116389e-02	 1.461771e-01	 0.000000e+00	 2.257980e+00	 2.076799e-02	 0.000000e+00	 1.227199e+00	 2.533502e+00	 7.603659e-01	 6.973178e-01	 7.782764e-01	 2.292217e-01	 0.000000e+00	 0.000000e+00	 7.814221e+00
 1.107000e+03	 2.001000e+03	-1.000000e+00	 2.442000e+04	 5.240087e-03	 1.361588e-03	 7.369830e-05	 6.577307e-03	 1.317141e-02	 5.968888e-02	 9.899329e-02	 2.153535e-01	-1.620835e+00	 8.252711e-01	 7.590928e-01	 7.708688e-02	 3.863693e-01	 8.450943e-01	 6.617835e-02	 9.039145e-01	 1.204703e-01	 1.768342e+00	-9.910723e-02	 1.070573e+01	 2.113387e+00	 4.168915e-01	 1.189736e-01	 2.988563e-02	 7.822122e+00
 1.108000e+03	 2.001000e+03	-1.000000e+00	 5.511100e+04	 1.190072e-01	 7.089549e-03	 4.861474e-03	 6.278819e-02	 1.267072e-01	 5.160784e-02	 1.782020e-02	 5.520743e-01	-3.896200e+00	 1.806109e-01	-3.545451e-02	 2.963956e-01	 0.000000e+00	 7.346751e-01	 2.160655e-01	 9.039145e-01	 3.545608e+00	 5.318852e+00	 1.387709e-01	 6.093576e-01	 1.352945e+00	 5.098325e-03	 3.195919e-02	 3.749317e-02	 7.484401e+00
 1.140000e+03	 2.002000e+03	-1.000000e+00	 4.533000e+04	-3.744560e-17	-4.008383e-02	-1.659055e-03	 1.442864e-01	 7.716710e-02	 5.746173e-02	 1.718617e-01	 8.265361e-01	 6.360230e+00	 8.691678e-02	 8.456259e-02	 4.691115e-01	 0.000000e+00	 9.342866e-01	 2.354186e-03	 8.041004e-02	 3.545608e+00	 1.099626e+00	 7.427232e-02	 1.852796e-01	 2.447868e+00	 4.168915e-01	 1.146792e-01	 1.109021e-03	 8.977201e+00
 1.142000e+03	 2.002000e+03	-1.000000e+00	 7.415200e+04	 4.137410e-18	 2.825371e-03	 5.823181e-03	-8.207730e-02	-6.637693e-02	 5.735410e-02	 1.718617e-01	 8.443510e-01	-3.896200e+00	 7.800151e-02	 6.045202e-02	 5.202512e-01	 1.780434e-02	 1.187093e+00	 1.754948e-02	 1.530319e-01	 3.545608e+00	 5.405911e-01	 3.335879e-02	 1.237285e-01	 2.447868e+00	 3.514922e-01	 7.003719e-02	 7.859461e-02	 8.816831e+00
 1.152000e+03	 2.001000e+03	-1.000000e+00	 9.232400e+04	-5.302345e-03	-5.250000e-02	-1.370000e-01	-1.198720e-02	 2.124742e-02	-8.489042e-02	-8.804610e-02	 4.555113e-01	 6.360230e+00	 2.239898e-01	 1.750174e-01	 2.201581e-02	 3.395722e-01	-7.471102e+00	 4.897232e-02	 6.875163e-02	 6.447019e-01	 1.449518e+00	 4.265580e-01	 1.017404e+01	 2.447868e+00	 4.168915e-01	 1.520703e-01	 9.046329e-02	 7.358003e+00
 1.153000e+03	 2.002000e+03	-1.000000e+00	 7.031000e+04	 3.717547e-02	-1.130332e-02	-5.623147e-03	 1.510000e-01	 4.686898e-02	 9.952479e-02	 4.529439e-02	 8.443510e-01	-2.763976e+00	 4.105841e-01	 3.823558e-01	 8.039409e-03	 7.445675e-02	 5.854425e-01	 2.822832e-02	 9.039145e-01	 3.291221e-01	 5.318852e+00	 1.845648e-01	 1.561334e+01	 2.131759e+00	 4.168915e-01	 9.760481e-03	 3.135224e-02	 7.361465e+00
 1.154000e+03	 2.002000e+03	-1.000000e+00	 7.032000e+04	 2.277562e-02	 8.750000e-02	 5.157424e-02	 1.373816e-02	 5.416387e-02	 7.374502e-02	 1.718617e-01	 1.797496e-01	-3.896200e+00	 3.195876e-03	-7.480466e-03	 7.445675e-02	 6.265994e-01	 1.311175e+01	 1.067634e-02	 3.746784e-02	 3.545608e+00	 1.153462e+00	 2.067408e-01	 4.292258e-02	 2.447868e+00	 0.000000e+00	 9.251047e-02	 1.699780e-02	 8.535735e+00
 1.159000e+03	 2.002000e+03	-1.000000e+00	 7.020200e+04	 1.091080e-16	 8.750000e-02	 3.432695e-02	 1.498005e-01	 8.822792e-02	 1.023828e-01	 1.718617e-01	 7.047031e-03	 6.360230e+00	 1.719932e-01	 1.606562e-01	 3.913243e-01	 4.215382e-01	 2.393427e+00	 1.133700e-02	 2.264571e-01	 3.545608e+00	 1.433024e+00	-1.462835e-01	 4.395156e-01	 2.447868e+00	 4.440192e-03	 9.586475e-02	 5.488390e-02	 8.057254e+00
 1.165000e+03	 2.002000e+03	-1.000000e+00	 7.414100e+04	 1.515152e-02	-5.250000e-02	-1.340481e-01	 6.417112e-03	 1.156493e-02	 7.069610e-04	-8.804610e-02	 5.464793e-01	 2.097074e+00	 5.993132e-02	-1.227514e-02	 1.611469e-02	 0.000000e+00	-8.220890e+00	 7.220646e-02	 5.542102e-01	 3.545608e+00	 2.188773e+00	 3.906884e-01	 3.719050e+00	 1.399871e+00	 4.096802e-01	 9.567789e-02	 3.290343e-02	 7.394838e+00
 1.170000e+03	 2.001000e+03	-1.000000e+00	 6.521000e+04	 1.772795e-02	 6.064487e-02	 1.197306e-01	 2.369841e-02	 3.466730e-02	 1.417935e-01	 1.044134e-01	 5.705633e-01	-7.173720e-01	 2.988065e-01	-7.691887e-02	 9.788678e-02	 1.641053e-01	 9.798283e+00	 2.598323e-01	 9.039145e-01	 8.889703e-01	 2.454927e+00	 4.332640e-01	 3.052573e+00	 8.353990e-01	 1.536245e-01	 6.246370e-02	 1.071784e-01	 7.261643e+00
 1.171000e+03	 2.002000e+03	-1.000000e+00	 7.032000e+04	 0.000000e+00	 1.367822e-02	 3.071484e-02	 1.510000e-01	 2.419000e-01	 5.639939e-02	 2.674798e-02	 3.928696e-01	-1.678384e+00	 2.053674e-01	-1.335612e-01	 1.212269e-01	 0.000000e+00	 2.453136e+00	 2.598323e-01	 4.103260e-05	 2.395277e+00	 2.074063e+00	 2.987947e-01	 1.694074e+00	 7.715623e-01	 2.311201e-02	 0.000000e+00	 0.000000e+00	 7.194239e+00
 1.176000e+03	 2.000000e+03	-1.000000e+00	 7.415000e+04	 3.771716e-02	 7.030131e-02	 1.019317e-01	 3.792579e-02	 8.358388e-02	 2.079888e-01	 1.217981e-01	 3.237711e-01	 6.334313e+00	 5.244991e-01	 5.238861e-01	 8.816136e-02	 3.080294e-01	 3.697565e+00	 6.130370e-04	 1.823310e-02	 9.980179e-01	 1.324246e+00	-6.120867e-02	 5.949308e+00	 9.173315e-01	 5.960620e-03	 2.717001e-02	 1.384239e-02	 7.281905e+00
 1.179000e+03	 2.001000e+03	-1.000000e+00	 2.950000e+04	-1.533480e-02	-5.250000e-02	-4.874535e-02	-8.207730e-02	 3.435443e-02	 1.825602e-02	-6.990734e-02	 1.202847e-01	-3.896200e+00	 8.676304e-02	 4.413356e-02	 5.202512e-01	 7.165438e-01	-2.195045e-01	 4.262948e-02	 6.751572e-02	 3.545608e+00	 2.143054e+00	 5.575786e-02	 1.504214e-01	 2.447868e+00	 2.628987e-01	 1.318163e-01	 6.127935e-02	 9.039728e+00
 1.186000e+03	 2.001000e+03	-1.000000e+00	 4.100300e+04	 9.772306e-02	 8.750000e-02	 2.244486e-01	 1.510000e-01	 1.791874e-01	 2.972973e-01	 1.718617e-01	 1.986869e-01	 2.213248e+00	 1.352905e-01	 9.956508e-02	 2.806772e-01	 4.343366e-01	 9.470588e+00	 3.572538e-02	 5.165824e-03	 3.545608e+00	 2.200762e+00	 2.572227e-01	 4.820144e-01	 1.003585e+00	 1.946999e-01	 8.648245e-02	 1.407576e-02	 6.808751e+00
 1.189000e+03	 2.002000e+03	-1.000000e+00	 4.010000e+04	 0.000000e+00	-3.044805e-03	-1.442310e-05	 5.294212e-02	 2.419000e-01	-2.955500e-02	-8.804610e-02	 1.495445e-01	 6.360230e+00	 7.002875e-01	 6.619524e-01	 4.502686e-02	 0.000000e+00	-1.062910e+00	 3.833505e-02	 0.000000e+00	 1.905335e-01	 5.318852e+00	 1.413174e-01	 1.555266e+01	 2.447868e+00	 8.316526e-02	 1.218862e-02	 1.679490e-05	 6.665199e+00
 1.193000e+03	 2.001000e+03	-1.000000e+00	 2.910000e+04	 9.853752e-03	 2.810665e-02	 1.106288e-02	 2.407186e-02	 3.918887e-02	 1.235926e-01	 1.718617e-01	 8.819459e-02	 1.017602e+00	 2.336387e-01	 2.178273e-01	 3.346685e-01	 4.873116e-01	 1.337606e+00	 1.581143e-02	 1.376139e-02	 3.545608e+00	 1.579864e+00	-1.674692e-01	 6.981199e-01	 2.447868e+00	 1.109234e-01	 9.295400e-02	 3.258372e-02	 7.503061e+00